 Mach Number             (Cl)alpha - Rocket      (Cl)alpha - Nose/Body   (Cl)alpha - Wing        (Cl)alpha - Body-Wing   *                      
 0.00000000000000E+0000  9.41137082462932E+0000  4.18869562400465E+0000  3.69261471217184E+0000  1.53006048845282E+0000  0.00000000000000E+0000 
 2.27000000000000E-0002  9.23141007411078E+0000  3.94301032870368E+0000  3.73908427263491E+0000  1.54931547277219E+0000  0.00000000000000E+0000 
 4.54000000000000E-0002  8.98834319305535E+0000  3.71232800078634E+0000  3.73032795879868E+0000  1.54568723347033E+0000  0.00000000000000E+0000 
 6.81000000000000E-0002  8.76604951934265E+0000  3.49617077291935E+0000  3.72598927616193E+0000  1.54388947026137E+0000  0.00000000000000E+0000 
 9.08000000000000E-0002  8.56079259267704E+0000  3.29406077776942E+0000  3.72376428510532E+0000  1.54296752980230E+0000  0.00000000000000E+0000 
 1.13500000000000E-0001  8.37107222582566E+0000  3.10552014800325E+0000  3.72293016957066E+0000  1.54262190825176E+0000  0.00000000000000E+0000 
 1.36200000000000E-0001  8.19595709991169E+0000  2.93007101628754E+0000  3.72316632339797E+0000  1.54271976022618E+0000  0.00000000000000E+0000 
 1.58900000000000E-0001  8.03473024456138E+0000  2.76723551528901E+0000  3.72430369234379E+0000  1.54319103692858E+0000  0.00000000000000E+0000 
 1.81600000000000E-0001  7.89212090223541E+0000  2.61653577767436E+0000  3.73002388583135E+0000  1.54556123872970E+0000  0.00000000000000E+0000 
 2.04300000000000E-0001  7.76424502266048E+0000  2.47749393611030E+0000  3.73791861294586E+0000  1.54883247360433E+0000  0.00000000000000E+0000 
 2.27000000000000E-0001  7.64774651597005E+0000  2.34963212326353E+0000  3.74595286931447E+0000  1.55216152339205E+0000  0.00000000000000E+0000 
 2.49700000000000E-0001  7.54226218130502E+0000  2.23247247180076E+0000  3.75420772815988E+0000  1.55558198134438E+0000  0.00000000000000E+0000 
 2.72400000000000E-0001  7.44740237353028E+0000  2.12553711438869E+0000  3.76274556567331E+0000  1.55911969346828E+0000  0.00000000000000E+0000 
 2.95100000000000E-0001  7.36275996064290E+0000  2.02834818369404E+0000  3.77161639421653E+0000  1.56279538273233E+0000  0.00000000000000E+0000 
 3.17800000000000E-0001  7.28791596487178E+0000  1.94042781238351E+0000  3.78086185077736E+0000  1.56662630171091E+0000  0.00000000000000E+0000 
 3.40500000000000E-0001  7.22244327154315E+0000  1.86129813312381E+0000  3.79051781926780E+0000  1.57062731915155E+0000  0.00000000000000E+0000 
 3.63200000000000E-0001  7.16590916130637E+0000  1.79048127858163E+0000  3.80061622089652E+0000  1.57481166182822E+0000  0.00000000000000E+0000 
 3.85900000000000E-0001  7.11787709933047E+0000  1.72749938142370E+0000  3.81118627919368E+0000  1.57919143871309E+0000  0.00000000000000E+0000 
 4.08600000000000E-0001  7.07790804111177E+0000  1.67187457431671E+0000  3.82225544326271E+0000  1.58377802353235E+0000  0.00000000000000E+0000 
 4.31300000000000E-0001  7.04556141621580E+0000  1.62312898992737E+0000  3.83385008332041E+0000  1.58858234296802E+0000  0.00000000000000E+0000 
 4.54000000000000E-0001  7.02039589354253E+0000  1.58078476092239E+0000  3.84599603176633E+0000  1.59361510085382E+0000  0.00000000000000E+0000 
 4.76700000000000E-0001  7.00196999666622E+0000  1.54436401996848E+0000  3.85871901824962E+0000  1.59888695844812E+0000  0.00000000000000E+0000 
 4.99400000000000E-0001  6.98984261593319E+0000  1.51338889973234E+0000  3.87204503174019E+0000  1.60440868446067E+0000  0.00000000000000E+0000 
 5.22100000000000E-0001  6.98691266410569E+0000  1.49072074696036E+0000  3.88600063273001E+0000  1.61019128441532E+0000  0.00000000000000E+0000 
 5.44800000000000E-0001  6.99644534779089E+0000  1.47958599926902E+0000  3.90061323225653E+0000  1.61624611626534E+0000  0.00000000000000E+0000 
 5.67500000000000E-0001  7.01800559822411E+0000  1.47950925061180E+0000  3.91591135019407E+0000  1.62258499741824E+0000  0.00000000000000E+0000 
 5.90200000000000E-0001  7.05115780325704E+0000  1.49001263365539E+0000  3.93192486244181E+0000  1.62922030715983E+0000  0.00000000000000E+0000 
 6.12900000000000E-0001  7.09587780865435E+0000  1.51061828106650E+0000  3.94897456008791E+0000  1.63628496749994E+0000  0.00000000000000E+0000 
 6.35600000000000E-0001  7.15362367635224E+0000  1.54084832551185E+0000  3.96842921308791E+0000  1.64434613775248E+0000  0.00000000000000E+0000 
 6.58300000000000E-0001  7.22420380218948E+0000  1.58022489965813E+0000  3.99049121955392E+0000  1.65348768297743E+0000  0.00000000000000E+0000 
 6.81000000000000E-0001  7.30719378136516E+0000  1.62827013617206E+0000  4.01519837937316E+0000  1.66372526581993E+0000  0.00000000000000E+0000 
 7.03700000000000E-0001  7.40217297806300E+0000  1.68450616772034E+0000  4.04259115723733E+0000  1.67507565310533E+0000  0.00000000000000E+0000 
 7.26400000000000E-0001  7.50872497309006E+0000  1.74845512696967E+0000  4.07271299913881E+0000  1.68755684698158E+0000  0.00000000000000E+0000 
 7.49100000000000E-0001  7.62643805633530E+0000  1.81963914658677E+0000  4.10561068055624E+0000  1.70118822919229E+0000  0.00000000000000E+0000 
 7.71800000000000E-0001  7.75490577348720E+0000  1.89758035923834E+0000  4.14133469300301E+0000  1.71599072124586E+0000  0.00000000000000E+0000 
 7.94500000000000E-0001  7.89372753770958E+0000  1.98180089759108E+0000  4.17993967650356E+0000  1.73198696361494E+0000  0.00000000000000E+0000 
 8.17200000000000E-0001  8.04250931863021E+0000  2.07182289431170E+0000  4.22148490673251E+0000  1.74920151758600E+0000  0.00000000000000E+0000 
 8.39900000000000E-0001  8.20086442311984E+0000  2.16716848206692E+0000  4.26603484705285E+0000  1.76766109400007E+0000  0.00000000000000E+0000 
 8.62600000000000E-0001  8.36841438502658E+0000  2.26735979352343E+0000  4.31365977758937E+0000  1.78739481391378E+0000  0.00000000000000E+0000 
 8.85300000000000E-0001  8.54478998442043E+0000  2.37191896134794E+0000  4.36443651587034E+0000  1.80843450720216E+0000  0.00000000000000E+0000 
 9.08000000000000E-0001  8.72963242117339E+0000  2.48036811820716E+0000  4.41844924658983E+0000  1.83081505637641E+0000  0.00000000000000E+0000 
 9.30700000000000E-0001  8.92259467309737E+0000  2.59222939676779E+0000  4.47579048185889E+0000  1.85457479447069E+0000  0.00000000000000E+0000 
 9.53400000000000E-0001  9.12334307570851E+0000  2.70702492969655E+0000  4.53656217815443E+0000  1.87975596785754E+0000  0.00000000000000E+0000 
 9.76100000000000E-0001  9.33155916942107E+0000  2.82427684966013E+0000  4.60087704235005E+0000  1.90640527741089E+0000  0.00000000000000E+0000 
 9.98800000000000E-0001  9.54694187119088E+0000  2.94350728932525E+0000  4.66886006714430E+0000  1.93457451472133E+0000  0.00000000000000E+0000 
 1.02150000000000E+0000  9.78877029235267E+0000  3.10153135459737E+0000  4.72811268876344E+0000  1.95912624899186E+0000  0.00000000000000E+0000 
 1.04420000000000E+0000  1.02059206152015E+0001  3.26692565466336E+0000  4.90611303492604E+0000  2.03288192561216E+0000  0.00000000000000E+0000 
 1.06690000000000E+0000  1.06323590830348E+0001  3.27277909772937E+0000  5.20348141234095E+0000  2.15609857296454E+0000  0.00000000000000E+0000 
 1.08960000000000E+0000  1.05959035647207E+0001  3.23119470994862E+0000  5.20710770310609E+0000  2.15760115166605E+0000  0.00000000000000E+0000 
 1.11230000000000E+0000  1.04178696715630E+0001  3.19778857014175E+0000  5.10485080423791E+0000  2.11523029718340E+0000  0.00000000000000E+0000 
 1.13500000000000E+0000  1.01431678334938E+0001  3.17047035400125E+0000  4.92994189897511E+0000  2.04275558051746E+0000  0.00000000000000E+0000 
 1.15770000000000E+0000  1.00777321346569E+0001  3.14775961723815E+0000  4.89973385090200E+0000  2.03023866651677E+0000  0.00000000000000E+0000 
 1.18040000000000E+0000  1.01011289948876E+0001  3.12863665367127E+0000  4.92979685901232E+0000  2.04269548220404E+0000  0.00000000000000E+0000 
 1.20310000000000E+0000  1.01507266301435E+0001  3.11238458318295E+0000  4.97635491266925E+0000  2.06198713429136E+0000  0.00000000000000E+0000 
 1.22580000000000E+0000  1.02132970347435E+0001  3.09848527200998E+0000  5.03042168623870E+0000  2.08439007649490E+0000  0.00000000000000E+0000 
 1.24850000000000E+0000  1.02736959417630E+0001  3.08655412879637E+0000  5.08156157094586E+0000  2.10558024202085E+0000  0.00000000000000E+0000 
 1.27120000000000E+0000  1.03176703434877E+0001  3.07629881070683E+0000  5.11990388662324E+0000  2.12146764615764E+0000  0.00000000000000E+0000 
 1.29390000000000E+0000  1.03345262776799E+0001  3.06749241507824E+0000  5.13804805469896E+0000  2.12898580790276E+0000  0.00000000000000E+0000 
 1.31660000000000E+0000  1.01607814367230E+0001  3.05995559691912E+0000  5.02053314774273E+0000  2.08029269206122E+0000  0.00000000000000E+0000 
 1.33930000000000E+0000  9.94586697809171E+0000  3.05354432643631E+0000  4.87311407408485E+0000  2.01920857757055E+0000  0.00000000000000E+0000 
 1.36200000000000E+0000  9.75292118085054E+0000  3.04814130535392E+0000  4.74051474753231E+0000  1.96426512796431E+0000  0.00000000000000E+0000 
 1.38470000000000E+0000  9.57931904080610E+0000  3.04364981723748E+0000  4.62094757988237E+0000  1.91472164368625E+0000  0.00000000000000E+0000 
 1.40740000000000E+0000  9.42281833782860E+0000  3.03998923518564E+0000  4.51288424883840E+0000  1.86994485380456E+0000  0.00000000000000E+0000 
 1.43010000000000E+0000  9.28148301364569E+0000  3.03709168232714E+0000  4.41500388456615E+0000  1.82938744675240E+0000  0.00000000000000E+0000 
 1.45280000000000E+0000  9.15362509334886E+0000  3.03489950983247E+0000  4.32615378929413E+0000  1.79257179422226E+0000  0.00000000000000E+0000 
 1.47550000000000E+0000  9.03775999292429E+0000  3.03336336495173E+0000  4.24531920413404E+0000  1.75907742383852E+0000  0.00000000000000E+0000 
 1.49820000000000E+0000  8.93257166148690E+0000  3.03244069176032E+0000  4.17159972344197E+0000  1.72853124628461E+0000  0.00000000000000E+0000 
 1.52090000000000E+0000  8.83688506382275E+0000  3.03209455390313E+0000  4.10419067137105E+0000  1.70059983854857E+0000  0.00000000000000E+0000 
 1.54360000000000E+0000  8.77041286728589E+0000  3.03229270017086E+0000  4.04236823552469E+0000  1.69575193159035E+0000  0.00000000000000E+0000 
 1.56630000000000E+0000  8.72099712225609E+0000  3.03300681545922E+0000  3.98547748195538E+0000  1.70251282484150E+0000  0.00000000000000E+0000 
 1.58900000000000E+0000  8.66711174367743E+0000  3.03421191485390E+0000  3.93292260566471E+0000  1.69997722315883E+0000  0.00000000000000E+0000 
 1.61170000000000E+0000  8.60817050948532E+0000  3.03588584936846E+0000  3.88415893388459E+0000  1.68812572623227E+0000  0.00000000000000E+0000 
 1.63440000000000E+0000  8.54360485019147E+0000  3.03800889962257E+0000  3.83868631688270E+0000  1.66690963368620E+0000  0.00000000000000E+0000 
 1.65710000000000E+0000  8.47284628716950E+0000  3.04056343940250E+0000  3.79604362677066E+0000  1.63623922099634E+0000  0.00000000000000E+0000 
 1.67980000000000E+0000  8.39530229561346E+0000  3.04353365521511E+0000  3.75580414815554E+0000  1.59596449224281E+0000  0.00000000000000E+0000 
 1.70250000000000E+0000  8.31032084677799E+0000  3.04690531105330E+0000  3.71757169184311E+0000  1.54584384388158E+0000  0.00000000000000E+0000 
 1.72520000000000E+0000  8.21713443395915E+0000  3.05066554993102E+0000  3.68097729859071E+0000  1.48549158543742E+0000  0.00000000000000E+0000 
 1.74790000000000E+0000  8.07024377330786E+0000  3.05480272552367E+0000  3.60018360746039E+0000  1.41525744032381E+0000  0.00000000000000E+0000 
 1.77060000000000E+0000  8.00036476280493E+0000  3.05930625861390E+0000  3.59265563753964E+0000  1.34840286665139E+0000  0.00000000000000E+0000 
 1.79330000000000E+0000  7.92782774977759E+0000  3.06416651409730E+0000  3.58414187943312E+0000  1.27951935624716E+0000  0.00000000000000E+0000 
 1.81600000000000E+0000  7.85046007666184E+0000  3.06937469512430E+0000  3.57470557855434E+0000  1.20637980298320E+0000  0.00000000000000E+0000 
 1.83870000000000E+0000  7.76277933988092E+0000  3.07492275160035E+0000  3.56440782968504E+0000  1.12344875859553E+0000  0.00000000000000E+0000 
 1.86140000000000E+0000  7.62720372007081E+0000  3.08080330077649E+0000  3.55330799456192E+0000  9.93092424732398E-0001  0.00000000000000E+0000 
 1.88410000000000E+0000  7.56567291380939E+0000  3.08700955806856E+0000  3.54146379043690E+0000  9.37199565303924E-0001  0.00000000000000E+0000 
 1.90680000000000E+0000  7.57507348488601E+0000  3.13437958173484E+0000  3.52893121389638E+0000  9.11762689254797E-0001  0.00000000000000E+0000 
 1.92950000000000E+0000  7.54516248661938E+0000  3.14196488145785E+0000  3.51576439683237E+0000  8.87433208329162E-0001  0.00000000000000E+0000 
 1.95220000000000E+0000  7.51572452725395E+0000  3.14956697684059E+0000  3.50201544965723E+0000  8.64142100756132E-0001  0.00000000000000E+0000 
 1.97490000000000E+0000  7.48674310956816E+0000  3.15718272296823E+0000  3.48773432118194E+0000  8.41826065417988E-0001  0.00000000000000E+0000 
 1.99760000000000E+0000  7.45820475469037E+0000  3.16480913874471E+0000  3.47296868906066E+0000  8.20426926885001E-0001  0.00000000000000E+0000 
 2.02030000000000E+0000  7.43009839107277E+0000  3.17244339089138E+0000  3.45776388556022E+0000  7.99891114621163E-0001  0.00000000000000E+0000 
 2.04300000000000E+0000  7.40241484370694E+0000  3.18008277981040E+0000  3.44216285824297E+0000  7.80169205653565E-0001  0.00000000000000E+0000 
 2.06570000000000E+0000  7.37514641123569E+0000  3.18772472706215E+0000  3.42620616243017E+0000  7.61215521743367E-0001  0.00000000000000E+0000 
 2.08840000000000E+0000  7.34828651884888E+0000  3.19536676424400E+0000  3.40993198107863E+0000  7.42987773526254E-0001  0.00000000000000E+0000 
 2.11110000000000E+0000  7.32182943569998E+0000  3.20300652308932E+0000  3.39337616734347E+0000  7.25446745267192E-0001  0.00000000000000E+0000 
 2.13380000000000E+0000  7.29577004671524E+0000  3.21064172663205E+0000  3.37657230523606E+0000  7.08556014847133E-0001  0.00000000000000E+0000 
 2.15650000000000E+0000  7.27010366989064E+0000  3.21827018130427E+0000  3.35955178417957E+0000  6.92281704406810E-0001  0.00000000000000E+0000 
 2.17920000000000E+0000  7.24482591137237E+0000  3.22588976985286E+0000  3.34234388377383E+0000  6.76592257745686E-0001  0.00000000000000E+0000 
 2.20190000000000E+0000  7.21993255173306E+0000  3.23349844497698E+0000  3.32497586561906E+0000  6.61458241137024E-0001  0.00000000000000E+0000 
 2.22460000000000E+0000  7.19541945786255E+0000  3.24109422360153E+0000  3.30747306956840E+0000  6.46852164692616E-0001  0.00000000000000E+0000 
 2.24730000000000E+0000  7.17128251577746E+0000  3.24867518171294E+0000  3.28985901225562E+0000  6.32748321808899E-0001  0.00000000000000E+0000 
 2.27000000000000E+0000  7.14751758042289E+0000  3.25623944969334E+0000  3.27215548616679E+0000  6.19122644562764E-0001  0.00000000000000E+0000 
