 Mach Number             (X)cp - Rocket          (X)cp - Nose/Body       (X)cp - Wing            (X)cp - Body-Wing       (X)cp - Wing-Tail      
 0.00000000000000E+0000  4.47439596914945E+0003  2.85300315862398E+0003  5.77780366590384E+0003  5.76750728610662E+0003  0.00000000000000E+0000 
 2.27000000000000E-0002  4.44706437798397E+0003  2.66631405395487E+0003  5.77780178078865E+0003  5.76750405770561E+0003  0.00000000000000E+0000 
 4.54000000000000E-0002  4.41635192261712E+0003  2.48573669740662E+0003  5.77779611672118E+0003  5.76749436104819E+0003  0.00000000000000E+0000 
 6.81000000000000E-0002  4.39350185894219E+0003  2.31148175865985E+0003  5.77778664743610E+0003  5.76747816166044E+0003  0.00000000000000E+0000 
 9.08000000000000E-0002  4.37760815875206E+0003  2.14377741995796E+0003  5.77777332882366E+0003  5.76745540171449E+0003  0.00000000000000E+0000 
 1.13500000000000E-0001  4.36801557065778E+0003  1.98286706890052E+0003  5.77775609842062E+0003  5.76742599946381E+0003  0.00000000000000E+0000 
 1.36200000000000E-0001  4.36410906966770E+0003  1.82900567579877E+0003  5.77773487468180E+0003  5.76738984843680E+0003  0.00000000000000E+0000 
 1.58900000000000E-0001  4.36527551180754E+0003  1.68245464045120E+0003  5.77770955601583E+0003  5.76734681637216E+0003  0.00000000000000E+0000 
 1.81600000000000E-0001  4.37184789874842E+0003  1.54347494130295E+0003  5.77768001956272E+0003  5.76729674387414E+0003  0.00000000000000E+0000 
 2.04300000000000E-0001  4.38263722237345E+0003  1.41231850748853E+0003  5.77764611968473E+0003  5.76723944275875E+0003  0.00000000000000E+0000 
 2.27000000000000E-0001  4.39651345565876E+0003  1.28921786712900E+0003  5.77760768613361E+0003  5.76717469405507E+0003  0.00000000000000E+0000 
 2.49700000000000E-0001  4.41288504974883E+0003  1.17437430408015E+0003  5.77756452184864E+0003  5.76710224561621E+0003  0.00000000000000E+0000 
 2.72400000000000E-0001  4.43117700791083E+0003  1.06794497232053E+0003  5.77751640032817E+0003  5.76702180928428E+0003  0.00000000000000E+0000 
 2.95100000000000E-0001  4.45084028533602E+0003  9.70029653456890E+0002  5.77746306250379E+0003  5.76693305754012E+0003  0.00000000000000E+0000 
 3.17800000000000E-0001  4.47136014040206E+0003  8.80658067373249E+0002  5.77740421302910E+0003  5.76683561955261E+0003  0.00000000000000E+0000 
 3.40500000000000E-0001  4.49226338133336E+0003  7.99778817487605E+0002  5.77733951587337E+0003  5.76672907652209E+0003  0.00000000000000E+0000 
 3.63200000000000E-0001  4.51312441170319E+0003  7.27251124441518E+0002  5.77726858908333E+0003  5.76661295618720E+0003  0.00000000000000E+0000 
 3.85900000000000E-0001  4.53356998522670E+0003  6.62840434428752E+0002  5.77719099854141E+0003  5.76648672633221E+0003  0.00000000000000E+0000 
 4.08600000000000E-0001  4.55328261120881E+0003  6.06218756961730E+0002  5.77710625050404E+0003  5.76634978709087E+0003  0.00000000000000E+0000 
 4.31300000000000E-0001  4.57200259412831E+0003  5.56970196150239E+0002  5.77701378264502E+0003  5.76620146178950E+0003  0.00000000000000E+0000 
 4.54000000000000E-0001  4.58952873630621E+0003  5.14601628421070E+0002  5.77691295325265E+0003  5.76604098600307E+0003  0.00000000000000E+0000 
 4.76700000000000E-0001  4.60571777612768E+0003  4.78557918819821E+0002  5.77680302812711E+0003  5.76586749440610E+0003  0.00000000000000E+0000 
 4.99400000000000E-0001  4.62048267222192E+0003  4.48240547797306E+0002  5.77668316458854E+0003  5.76568000487898E+0003  0.00000000000000E+0000 
 5.22100000000000E-0001  4.63222384320672E+0003  4.25120349416503E+0002  5.77655239182056E+0003  5.76547739916585E+0003  0.00000000000000E+0000 
 5.44800000000000E-0001  4.63922383628636E+0003  4.11236563492512E+0002  5.77640958651979E+0003  5.76525839915644E+0003  0.00000000000000E+0000 
 5.67500000000000E-0001  4.64160747388006E+0003  4.06414061025294E+0002  5.77625344246711E+0003  5.76502153755450E+0003  0.00000000000000E+0000 
 5.90200000000000E-0001  4.63961726442843E+0003  4.10385080230340E+0002  5.77608243213594E+0003  5.76476512126091E+0003  0.00000000000000E+0000 
 6.12900000000000E-0001  4.63366598428449E+0003  4.22821868448774E+0002  5.77589475773282E+0003  5.76448718517961E+0003  0.00000000000000E+0000 
 6.35600000000000E-0001  4.62449467690982E+0003  4.43371627359207E+0002  5.77568828801516E+0003  5.76418543325502E+0003  0.00000000000000E+0000 
 6.58300000000000E-0001  4.61265601804723E+0003  4.71689822597182E+0002  5.77546047566372E+0003  5.76385716221806E+0003  0.00000000000000E+0000 
 6.81000000000000E-0001  4.59872578071313E+0003  5.07467672490885E+0002  5.77520824760199E+0003  5.76349916150443E+0003  0.00000000000000E+0000 
 7.03700000000000E-0001  4.58332337985099E+0003  5.50451526238252E+0002  5.77492785693174E+0003  5.76310757968801E+0003  0.00000000000000E+0000 
 7.26400000000000E-0001  4.56709509202644E+0003  6.00453740585432E+0002  5.77461467918303E+0003  5.76267774280252E+0003  0.00000000000000E+0000 
 7.49100000000000E-0001  4.55069845409054E+0003  6.57356093632600E+0002  5.77426292569788E+0003  5.76220390175759E+0003  0.00000000000000E+0000 
 7.71800000000000E-0001  4.53478822720199E+0003  7.21107554045195E+0002  5.77386523002231E+0003  5.76167887214592E+0003  0.00000000000000E+0000 
 7.94500000000000E-0001  4.52000413828192E+0003  7.91718414737675E+0002  5.77341203288403E+0003  5.76109350503981E+0003  0.00000000000000E+0000 
 8.17200000000000E-0001  4.50696043293816E+0003  8.69252588392583E+0002  5.77289063443362E+0003  5.76043588131458E+0003  0.00000000000000E+0000 
 8.39900000000000E-0001  4.49623708091430E+0003  9.53819452081166E+0002  5.77228366910036E+0003  5.75969003094040E+0003  0.00000000000000E+0000 
 8.62600000000000E-0001  4.48837222462396E+0003  1.04556617860126E+0003  5.77156651590719E+0003  5.75883378512167E+0003  0.00000000000000E+0000 
 8.85300000000000E-0001  4.48385502847591E+0003  1.14467109781684E+0003  5.77070258928018E+0003  5.75783491917714E+0003  0.00000000000000E+0000 
 9.08000000000000E-0001  4.48311708476795E+0003  1.25133833189027E+0003  5.76963396108170E+0003  5.75664356836493E+0003  0.00000000000000E+0000 
 9.30700000000000E-0001  4.48651755365041E+0003  1.36579374697394E+0003  5.76826015134917E+0003  5.75517529606203E+0003  0.00000000000000E+0000 
 9.53400000000000E-0001  4.49430565630029E+0003  1.48828214519675E+0003  5.76637988648680E+0003  5.75326521477928E+0003  0.00000000000000E+0000 
 9.76100000000000E-0001  4.50647614521343E+0003  1.61906556318565E+0003  5.76346442864497E+0003  5.75049196632074E+0003  0.00000000000000E+0000 
 9.98800000000000E-0001  4.52089599441121E+0003  1.75842252655939E+0003  5.75573061552468E+0003  5.74395084142821E+0003  0.00000000000000E+0000 
 1.02150000000000E+0000  4.56264738874824E+0003  1.89803137653524E+0003  5.77337023569370E+0003  5.85912129181053E+0003  0.00000000000000E+0000 
 1.04420000000000E+0000  4.59992152572426E+0003  2.04378113231591E+0003  5.78022959962278E+0003  5.85921542238980E+0003  0.00000000000000E+0000 
 1.06690000000000E+0000  4.64797922028819E+0003  2.04233537936644E+0003  5.78491560264755E+0003  5.85927326724078E+0003  0.00000000000000E+0000 
 1.08960000000000E+0000  4.64628893147243E+0003  1.99556096341021E+0003  5.78853411979419E+0003  5.85931408533300E+0003  0.00000000000000E+0000 
 1.11230000000000E+0000  4.62782198366886E+0003  1.95555856189221E+0003  5.79149539102661E+0003  5.85934476424433E+0003  0.00000000000000E+0000 
 1.13500000000000E+0000  4.59651603174100E+0003  1.92081056336400E+0003  5.79400390339789E+0003  5.85936864912511E+0003  0.00000000000000E+0000 
 1.15770000000000E+0000  4.58885531151545E+0003  1.89009597632602E+0003  5.79617839535965E+0003  5.85938764429410E+0003  0.00000000000000E+0000 
 1.18040000000000E+0000  4.59152459835570E+0003  1.86252920188379E+0003  5.79809473084083E+0003  5.85940294750859E+0003  0.00000000000000E+0000 
 1.20310000000000E+0000  4.59699560180072E+0003  1.83747215062638E+0003  5.79980469393572E+0003  5.85941536593381E+0003  0.00000000000000E+0000 
 1.22580000000000E+0000  4.60366505186888E+0003  1.81445323539169E+0003  5.80134539595647E+0003  5.85942547181500E+0003  0.00000000000000E+0000 
 1.24850000000000E+0000  4.60973992552509E+0003  1.79311787172007E+0003  5.80274444829026E+0003  5.85943368692613E+0003  0.00000000000000E+0000 
 1.27120000000000E+0000  4.61359248044762E+0003  1.77319355694775E+0003  5.80402301518539E+0003  5.85944033182716E+0003  0.00000000000000E+0000 
 1.29390000000000E+0000  4.61403627669640E+0003  1.75446812404182E+0003  5.80519771764854E+0003  5.85944565627448E+0003  0.00000000000000E+0000 
 1.31660000000000E+0000  4.59162016608297E+0003  1.73677278682367E+0003  5.80628187478206E+0003  5.85944985887658E+0003  0.00000000000000E+0000 
 1.33930000000000E+0000  4.56300451645944E+0003  1.71997148491948E+0003  5.80728634329558E+0003  5.85945310028843E+0003  0.00000000000000E+0000 
 1.36200000000000E+0000  4.53580690745080E+0003  1.70395318092621E+0003  5.80822010295634E+0003  5.85945551235468E+0003  0.00000000000000E+0000 
 1.38470000000000E+0000  4.50995731215604E+0003  1.68862623270560E+0003  5.80909067567185E+0003  5.85945720461997E+0003  0.00000000000000E+0000 
 1.40740000000000E+0000  4.48538534977502E+0003  1.67391424646997E+0003  5.80990443231643E+0003  5.85945826907426E+0003  0.00000000000000E+0000 
 1.43010000000000E+0000  4.46201957347744E+0003  1.65975297130672E+0003  5.81066682182542E+0003  5.85945878368320E+0003  0.00000000000000E+0000 
 1.45280000000000E+0000  4.43978711007943E+0003  1.64608793911913E+0003  5.81138254523090E+0003  5.85945881506231E+0003  0.00000000000000E+0000 
 1.47550000000000E+0000  4.41861354551718E+0003  1.63287264682165E+0003  5.81205568991299E+0003  5.85945842053511E+0003  0.00000000000000E+0000 
 1.49820000000000E+0000  4.39842297880969E+0003  1.62006713892680E+0003  5.81268983458914E+0003  5.85945764973995E+0003  0.00000000000000E+0000 
 1.52090000000000E+0000  4.37913819554727E+0003  1.60763691465133E+0003  5.81328813243668E+0003  5.85945654590053E+0003  0.00000000000000E+0000 
 1.54360000000000E+0000  4.36423002574914E+0003  1.59555196312657E+0003  5.81385337763977E+0003  5.85945514684228E+0003  0.00000000000000E+0000 
 1.56630000000000E+0000  4.35185803787054E+0003  1.58378610056764E+0003  5.81438805920822E+0003  5.85945348581382E+0003  0.00000000000000E+0000 
 1.58900000000000E+0000  4.33837778897289E+0003  1.57231640891030E+0003  5.81489440490675E+0003  5.85945159215743E+0003  0.00000000000000E+0000 
 1.61170000000000E+0000  4.32364999158593E+0003  1.56112273649142E+0003  5.81537441741746E+0003  5.85944949186083E+0003  0.00000000000000E+0000 
 1.63440000000000E+0000  4.30752582222731E+0003  1.55018730638387E+0003  5.81582990434180E+0003  5.85944720801506E+0003  0.00000000000000E+0000 
 1.65710000000000E+0000  4.28984176842960E+0003  1.53949439134219E+0003  5.81626250327200E+0003  5.85944476119713E+0003  0.00000000000000E+0000 
 1.67980000000000E+0000  4.27041242830470E+0003  1.52903004226566E+0003  5.81667370288264E+0003  5.85944216979207E+0003  0.00000000000000E+0000 
 1.70250000000000E+0000  4.24901989049631E+0003  1.51878185998066E+0003  5.81706486078500E+0003  5.85943945026546E+0003  0.00000000000000E+0000 
 1.72520000000000E+0000  4.22539705244360E+0003  1.50873880233293E+0003  5.81743721872883E+0003  5.85943661739561E+0003  0.00000000000000E+0000 
 1.74790000000000E+0000  4.19027522935794E+0003  1.49889102024988E+0003  5.81779191561607E+0003  5.85943368447225E+0003  0.00000000000000E+0000 
 1.77060000000000E+0000  4.16973743426651E+0003  1.48922971771792E+0003  5.81812999869821E+0003  5.85943066346744E+0003  0.00000000000000E+0000 
 1.79330000000000E+0000  4.14812258379872E+0003  1.47974703161607E+0003  5.81845243325688E+0003  5.85942756518332E+0003  0.00000000000000E+0000 
 1.81600000000000E+0000  4.12490019616536E+0003  1.47043592812601E+0003  5.81876011101081E+0003  5.85942439938030E+0003  0.00000000000000E+0000 
 1.83870000000000E+0000  4.09873750084757E+0003  1.46129011305196E+0003  5.81905385744767E+0003  5.85942117488879E+0003  0.00000000000000E+0000 
 1.86140000000000E+0000  4.06060924337110E+0003  1.45230395386946E+0003  5.81933443824400E+0003  5.85941789970683E+0003  0.00000000000000E+0000 
 1.88410000000000E+0000  4.03894882009316E+0003  1.44347241170993E+0003  5.81960256490794E+0003  5.85941458108589E+0003  0.00000000000000E+0000 
 1.90680000000000E+0000  4.00710906855748E+0003  1.42735468735658E+0003  5.81985889975655E+0003  5.85941122560632E+0003  0.00000000000000E+0000 
 1.92950000000000E+0000  3.99191470041238E+0003  1.41876102270141E+0003  5.82010406032141E+0003  5.85940783924404E+0003  0.00000000000000E+0000 
 1.95220000000000E+0000  3.97677000521651E+0003  1.41036341443855E+0003  5.82033862326052E+0003  5.85940442742954E+0003  0.00000000000000E+0000 
 1.97490000000000E+0000  3.96167451632665E+0003  1.40215676471947E+0003  5.82056312784278E+0003  5.85940099510033E+0003  0.00000000000000E+0000 
 1.99760000000000E+0000  3.94662847322217E+0003  1.39413642761025E+0003  5.82077807906070E+0003  5.85939754674764E+0003  0.00000000000000E+0000 
 2.02030000000000E+0000  3.93163270183890E+0003  1.38629816873774E+0003  5.82098395041882E+0003  5.85939408645802E+0003  0.00000000000000E+0000 
 2.04300000000000E+0000  3.91668851069163E+0003  1.37863812931942E+0003  5.82118118643839E+0003  5.85939061795062E+0003  0.00000000000000E+0000 
 2.06570000000000E+0000  3.90179760153326E+0003  1.37115279401920E+0003  5.82137020491278E+0003  5.85938714461058E+0003  0.00000000000000E+0000 
 2.08840000000000E+0000  3.88696199308242E+0003  1.36383896215247E+0003  5.82155139894351E+0003  5.85938366951902E+0003  0.00000000000000E+0000 
 2.11110000000000E+0000  3.87218395630549E+0003  1.35669372183129E+0003  5.82172513878247E+0003  5.85938019547998E+0003  0.00000000000000E+0000 
 2.13380000000000E+0000  3.85746595979129E+0003  1.34971442669775E+0003  5.82189177350248E+0003  5.85937672504477E+0003  0.00000000000000E+0000 
 2.15650000000000E+0000  3.84281062386264E+0003  1.34289867494154E+0003  5.82205163251552E+0003  5.85937326053392E+0003  0.00000000000000E+0000 
 2.17920000000000E+0000  3.82822068219833E+0003  1.33624429033848E+0003  5.82220502695522E+0003  5.85936980405701E+0003  0.00000000000000E+0000 
 2.20190000000000E+0000  3.81369894987648E+0003  1.32974930508162E+0003  5.82235225093842E+0003  5.85936635753066E+0003  0.00000000000000E+0000 
 2.22460000000000E+0000  3.79924829688408E+0003  1.32341194420570E+0003  5.82249358271831E+0003  5.85936292269486E+0003  0.00000000000000E+0000 
 2.24730000000000E+0000  3.78487162626277E+0003  1.31723061143131E+0003  5.82262928574064E+0003  5.85935950112771E+0003  0.00000000000000E+0000 
 2.27000000000000E+0000  3.77057185617517E+0003  1.31120387627670E+0003  5.82275960961259E+0003  5.85935609425899E+0003  0.00000000000000E+0000 
