 Mach Number             (Cl)alpha - Rocket      (Cl)alpha - Nose/Body   (Cl)alpha - Wing        (Cl)alpha - Body-Wing   *                      
 0.00000000000000E+0000  1.39457678354017E+0001  4.48828923791581E+0000  6.83271042574353E+0000  2.62476817174237E+0000  0.00000000000000E+0000 
 3.00000000000000E-0002  1.39560819352670E+0001  4.20768724080731E+0000  7.04288752826833E+0000  2.70550716619143E+0000  0.00000000000000E+0000 
 6.00000000000000E-0002  1.39692874936551E+0001  3.94981812377503E+0000  7.23872987058062E+0000  2.78073949929954E+0000  0.00000000000000E+0000 
 9.00000000000000E-0002  1.38855962828612E+0001  3.71370256449263E+0000  7.34885133946042E+0000  2.82304237890822E+0000  0.00000000000000E+0000 
 1.20000000000000E-0001  1.37760401581334E+0001  3.49836124063373E+0000  7.42527759044704E+0000  2.85240132705264E+0000  0.00000000000000E+0000 
 1.50000000000000E-0001  1.36529563789565E+0001  3.30281482987198E+0000  7.47762940633571E+0000  2.87251214274882E+0000  0.00000000000000E+0000 
 1.80000000000000E-0001  1.35380996295011E+0001  3.12608400988101E+0000  7.52233134274235E+0000  2.88968427687781E+0000  0.00000000000000E+0000 
 2.10000000000000E-0001  1.34345463021443E+0001  2.96718945833445E+0000  7.56231351722965E+0000  2.90504332658024E+0000  0.00000000000000E+0000 
 2.40000000000000E-0001  1.33437080809956E+0001  2.82515185290594E+0000  7.59930335158709E+0000  2.91925287650257E+0000  0.00000000000000E+0000 
 2.70000000000000E-0001  1.32661375811843E+0001  2.69899187126912E+0000  7.63440761913881E+0000  2.93273809077639E+0000  0.00000000000000E+0000 
 3.00000000000000E-0001  1.32019009415514E+0001  2.58773019109763E+0000  7.66838163044076E+0000  2.94578912001302E+0000  0.00000000000000E+0000 
 3.30000000000000E-0001  1.31507694701690E+0001  2.49038749006510E+0000  7.70176769072757E+0000  2.95861428937633E+0000  0.00000000000000E+0000 
 3.60000000000000E-0001  1.31123264278405E+0001  2.40598444584516E+0000  7.73497224740239E+0000  2.97136973459300E+0000  0.00000000000000E+0000 
 3.90000000000000E-0001  1.30860303883497E+0001  2.33354173611146E+0000  7.76831166568725E+0000  2.98417698655099E+0000  0.00000000000000E+0000 
 4.20000000000000E-0001  1.30712548094573E+0001  2.27208003853763E+0000  7.80204081733844E+0000  2.99713395358128E+0000  0.00000000000000E+0000 
 4.50000000000000E-0001  1.30673138359318E+0001  2.22062003079731E+0000  7.83637172246860E+0000  3.01032208266594E+0000  0.00000000000000E+0000 
 4.80000000000000E-0001  1.30734797690103E+0001  2.17818239056412E+0000  7.87148617064542E+0000  3.02381120780076E+0000  0.00000000000000E+0000 
 5.10000000000000E-0001  1.30894152061458E+0001  2.14420769960062E+0000  7.90754456074354E+0000  3.03766294580171E+0000  0.00000000000000E+0000 
 5.40000000000000E-0001  1.31198008338130E+0001  2.12317538873617E+0000  7.94469229320242E+0000  3.05193315187442E+0000  0.00000000000000E+0000 
 5.70000000000000E-0001  1.31655240430967E+0001  2.11578575200001E+0000  7.98306453935663E+0000  3.06667375174008E+0000  0.00000000000000E+0000 
 6.00000000000000E-0001  1.32257835352874E+0001  2.12105946706577E+0000  8.02278991528602E+0000  3.08193415293564E+0000  0.00000000000000E+0000 
 6.30000000000000E-0001  1.33023798837977E+0001  2.13801721160710E+0000  8.06587680223110E+0000  3.09848586995951E+0000  0.00000000000000E+0000 
 6.60000000000000E-0001  1.33971119835165E+0001  2.16567966329762E+0000  8.11433236875555E+0000  3.11709995146338E+0000  0.00000000000000E+0000 
 6.90000000000000E-0001  1.35091730241184E+0001  2.20306749981099E+0000  8.16828124898197E+0000  3.13782427532553E+0000  0.00000000000000E+0000 
 7.20000000000000E-0001  1.36377599447675E+0001  2.24920139882082E+0000  8.22785078591307E+0000  3.16070776003361E+0000  0.00000000000000E+0000 
 7.50000000000000E-0001  1.37820758128059E+0001  2.30310203800077E+0000  8.29317274995451E+0000  3.18580102485070E+0000  0.00000000000000E+0000 
 7.80000000000000E-0001  1.39413321225086E+0001  2.36379009502446E+0000  8.36438499968731E+0000  3.21315702779684E+0000  0.00000000000000E+0000 
 8.10000000000000E-0001  1.41147510992082E+0001  2.43028624756553E+0000  8.44163314652135E+0000  3.24283170512140E+0000  0.00000000000000E+0000 
 8.40000000000000E-0001  1.43015680854436E+0001  2.50161117329762E+0000  8.52507227860687E+0000  3.27488463353919E+0000  0.00000000000000E+0000 
 8.70000000000000E-0001  1.45010340827478E+0001  2.57678554989437E+0000  8.61486879719120E+0000  3.30937973566227E+0000  0.00000000000000E+0000 
 9.00000000000000E-0001  1.47124185244303E+0001  2.65483005502940E+0000  8.71120241986081E+0000  3.34638604954016E+0000  0.00000000000000E+0000 
 9.30000000000000E-0001  1.49350123609017E+0001  2.73476536637637E+0000  8.81426840958428E+0000  3.38597858494105E+0000  0.00000000000000E+0000 
 9.60000000000000E-0001  1.51681315499085E+0001  2.81561216160889E+0000  8.92428009629023E+0000  3.42823929200944E+0000  0.00000000000000E+0000 
 9.90000000000000E-0001  1.54111210601009E+0001  2.89639111840062E+0000  9.04147176930979E+0000  3.47325817239050E+0000  0.00000000000000E+0000 
 1.02000000000000E+0000  1.56922827509091E+0001  3.01002554365791E+0000  9.16250458816600E+0000  3.51975261908520E+0000  0.00000000000000E+0000 
 1.05000000000000E+0000  1.63995141603239E+0001  3.14481475619551E+0000  9.57607483592510E+0000  3.67862456820334E+0000  0.00000000000000E+0000 
 1.08000000000000E+0000  1.68801239166703E+0001  3.03341606895272E+0000  1.00037810393221E+0001  3.84292680839542E+0000  0.00000000000000E+0000 
 1.11000000000000E+0000  1.65624034462371E+0001  2.93836907973443E+0000  9.84290693308437E+0000  3.78112743341831E+0000  0.00000000000000E+0000 
 1.14000000000000E+0000  1.60198274673288E+0001  2.85512479772896E+0000  9.51105521997167E+0000  3.65364744962819E+0000  0.00000000000000E+0000 
 1.17000000000000E+0000  1.60825823173882E+0001  2.78150672070265E+0000  9.60958007636785E+0000  3.69149552031765E+0000  0.00000000000000E+0000 
 1.20000000000000E+0000  1.63644955238550E+0001  2.71630299883644E+0000  9.86036039066894E+0000  3.78783213434962E+0000  0.00000000000000E+0000 
 1.23000000000000E+0000  1.67492450582704E+0001  2.65878383150435E+0000  1.01798846632602E+0001  3.91057656350573E+0000  0.00000000000000E+0000 
 1.26000000000000E+0000  1.70890959559849E+0001  2.60849265036363E+0000  1.04617492027607E+0001  4.01885410286055E+0000  0.00000000000000E+0000 
 1.29000000000000E+0000  1.72538405278393E+0001  2.56514165314391E+0000  1.06120912574328E+0001  4.07660761726253E+0000  0.00000000000000E+0000 
 1.32000000000000E+0000  1.69176723292945E+0001  2.52855401323450E+0000  1.03956543725656E+0001  3.99346394349435E+0000  0.00000000000000E+0000 
 1.35000000000000E+0000  1.63984634683617E+0001  2.49862944678514E+0000  1.00421629143922E+0001  3.85767110718438E+0000  0.00000000000000E+0000 
 1.38000000000000E+0000  1.59299301443472E+0001  2.47532248862961E+0000  9.72050182888589E+0000  3.73410582683178E+0000  0.00000000000000E+0000 
 1.41000000000000E+0000  1.55508520988079E+0001  2.45862814794275E+0000  9.42721525919317E+0000  3.66500869167203E+0000  0.00000000000000E+0000 
 1.44000000000000E+0000  1.52253399203720E+0001  2.44857207856034E+0000  9.15941847474122E+0000  3.61734936707045E+0000  0.00000000000000E+0000 
 1.47000000000000E+0000  1.49481017769458E+0001  2.47983084546847E+0000  8.91466687556543E+0000  3.55360405591198E+0000  0.00000000000000E+0000 
 1.50000000000000E+0000  1.46431719588903E+0001  2.47786967387226E+0000  8.69086218992763E+0000  3.47444009509049E+0000  0.00000000000000E+0000 
 1.53000000000000E+0000  1.43449743786966E+0001  2.47863596045201E+0000  8.48618376515545E+0000  3.38015465308920E+0000  0.00000000000000E+0000 
 1.56000000000000E+0000  1.40516936553969E+0001  2.48187758246620E+0000  8.29903724092148E+0000  3.27077883200922E+0000  0.00000000000000E+0000 
 1.59000000000000E+0000  1.37615320597642E+0001  2.48737024984383E+0000  8.12801554225351E+0000  3.14614626766689E+0000  0.00000000000000E+0000 
 1.62000000000000E+0000  1.34800859776799E+0001  2.49491243382414E+0000  7.97186878039674E+0000  3.01330476345903E+0000  0.00000000000000E+0000 
 1.65000000000000E+0000  1.32200025782894E+0001  2.50432141042493E+0000  7.82948070874812E+0000  2.88620045911640E+0000  0.00000000000000E+0000 
 1.68000000000000E+0000  1.29794687628566E+0001  2.51543013482596E+0000  7.69985007799257E+0000  2.76418855003812E+0000  0.00000000000000E+0000 
 1.71000000000000E+0000  1.27568313730250E+0001  2.52808474417647E+0000  7.58207570360937E+0000  2.64667092523922E+0000  0.00000000000000E+0000 
 1.74000000000000E+0000  1.25505690393196E+0001  2.54214254199779E+0000  7.47534438103355E+0000  2.53308211628831E+0000  0.00000000000000E+0000 
 1.77000000000000E+0000  1.23592608493591E+0001  2.55747035610717E+0000  7.37892100903692E+0000  2.42286948421504E+0000  0.00000000000000E+0000 
 1.80000000000000E+0000  1.21815536032790E+0001  2.57394318942412E+0000  7.29214044206741E+0000  2.31546997178749E+0000  0.00000000000000E+0000 
 1.83000000000000E+0000  1.20161229142937E+0001  2.59144310273915E+0000  7.21440070789189E+0000  2.21027910366273E+0000  0.00000000000000E+0000 
 1.86000000000000E+0000  1.18024104952159E+0001  2.60985828289274E+0000  7.08594803595855E+0000  2.10660417636470E+0000  0.00000000000000E+0000 
 1.89000000000000E+0000  1.16574026846679E+0001  2.62908226041763E+0000  7.02473581388109E+0000  2.00358461036920E+0000  0.00000000000000E+0000 
 1.92000000000000E+0000  1.15135335379304E+0001  2.64901324861561E+0000  6.96448178217127E+0000  1.90003850714357E+0000  0.00000000000000E+0000 
 1.95000000000000E+0000  1.13688053398127E+0001  2.66955358201723E+0000  6.90513228849552E+0000  1.79411946929998E+0000  0.00000000000000E+0000 
 1.98000000000000E+0000  1.12196067780577E+0001  2.69060923673029E+0000  6.84663037130699E+0000  1.68236717002050E+0000  0.00000000000000E+0000 
 2.01000000000000E+0000  1.10568763281622E+0001  2.71208941869004E+0000  6.78892145650780E+0000  1.55586545296435E+0000  0.00000000000000E+0000 
 2.04000000000000E+0000  1.07994402921311E+0001  2.73390620854678E+0000  6.73195622483967E+0000  1.33357785874467E+0000  0.00000000000000E+0000 
 2.07000000000000E+0000  1.07226119218966E+0001  2.75597425405765E+0000  6.67569178681320E+0000  1.29094588102584E+0000  0.00000000000000E+0000 
 2.10000000000000E+0000  1.06487542628596E+0001  2.77821050252961E+0000  6.62009187452228E+0000  1.25045188580779E+0000  0.00000000000000E+0000 
 2.13000000000000E+0000  1.05776059744098E+0001  2.80053396719581E+0000  6.56512649044421E+0000  1.21194551676980E+0000  0.00000000000000E+0000 
 2.16000000000000E+0000  1.05089270806605E+0001  2.82286552247471E+0000  6.51077128336871E+0000  1.17529027481710E+0000  0.00000000000000E+0000 
 2.19000000000000E+0000  1.04424964659522E+0001  2.84512772392027E+0000  6.45700681432213E+0000  1.14036192770981E+0000  0.00000000000000E+0000 
 2.22000000000000E+0000  1.03781095950279E+0001  2.86724464936704E+0000  6.40381780782442E+0000  1.10704713783645E+0000  0.00000000000000E+0000 
 2.25000000000000E+0000  1.03155764734263E+0001  2.88914175834002E+0000  6.35119244157217E+0000  1.07524227351412E+0000  0.00000000000000E+0000 
 2.28000000000000E+0000  1.02547198441597E+0001  2.91074576726252E+0000  6.29912170150059E+0000  1.04485237539662E+0000  0.00000000000000E+0000 
 2.31000000000000E+0000  1.01953736062053E+0001  2.93198453837653E+0000  6.24759881328673E+0000  1.01579025454206E+0000  0.00000000000000E+0000 
 2.34000000000000E+0000  1.01431681423144E+0001  2.95857368764730E+0000  6.19661875196926E+0000  9.87975702697929E-0001  0.00000000000000E+0000 
 2.37000000000000E+0000  1.00840694688541E+0001  2.97655684417345E+0000  6.14617782607187E+0000  9.61334798608824E-0001  0.00000000000000E+0000 
 2.40000000000000E+0000  1.00259739936088E+0001  2.99390136692452E+0000  6.09627332988647E+0000  9.35799296797810E-0001  0.00000000000000E+0000 
 2.43000000000000E+0000  9.96883199293447E+0000  3.01062264908946E+0000  6.04690325640766E+0000  9.11306087437345E-0001  0.00000000000000E+0000 
 2.46000000000000E+0000  9.91259831391929E+0000  3.02673553303118E+0000  5.99806606318124E+0000  8.87796717706873E-0001  0.00000000000000E+0000 
 2.49000000000000E+0000  9.85723180340940E+0000  3.04225435327124E+0000  5.94976048363315E+0000  8.65216966505015E-0001  0.00000000000000E+0000 
 2.52000000000000E+0000  9.80269481803195E+0000  3.05719297539618E+0000  5.90198537703115E+0000  8.43516465604620E-0001  0.00000000000000E+0000 
 2.55000000000000E+0000  9.74895280363811E+0000  3.07156483134029E+0000  5.85473961094249E+0000  8.22648361355333E-0001  0.00000000000000E+0000 
 2.58000000000000E+0000  9.69597393412339E+0000  3.08538295144195E+0000  5.80802197079325E+0000  8.02569011888201E-0001  0.00000000000000E+0000 
 2.61000000000000E+0000  9.64372880096553E+0000  3.09865999362019E+0000  5.76183109185518E+0000  7.83237715490157E-0001  0.00000000000000E+0000 
 2.64000000000000E+0000  9.59219014604644E+0000  3.11140826997595E+0000  5.71616540965340E+0000  7.64616466417085E-0001  0.00000000000000E+0000 
 2.67000000000000E+0000  9.54133263139770E+0000  3.12363977108502E+0000  5.67102312539064E+0000  7.46669734922038E-0001  0.00000000000000E+0000 
 2.70000000000000E+0000  9.49113264044033E+0000  3.13536618821848E+0000  5.62640218351601E+0000  7.29364268705839E-0001  0.00000000000000E+0000 
 2.73000000000000E+0000  9.44156810609215E+0000  3.14659893369823E+0000  5.58230025903009E+0000  7.12668913363830E-0001  0.00000000000000E+0000 
 2.76000000000000E+0000  9.39261836180501E+0000  3.15734915957191E+0000  5.53871475251798E+0000  6.96554449715119E-0001  0.00000000000000E+0000 
 2.79000000000000E+0000  9.34426401218240E+0000  3.16762777477003E+0000  5.49564279124390E+0000  6.80993446168470E-0001  0.00000000000000E+0000 
 2.82000000000000E+0000  9.29648380016842E+0000  3.17744244072867E+0000  5.45308123493105E+0000  6.65960124508696E-0001  0.00000000000000E+0000 
 2.85000000000000E+0000  9.24912135485418E+0000  3.18666443207332E+0000  5.41102668509571E+0000  6.51430237685147E-0001  0.00000000000000E+0000 
 2.88000000000000E+0000  9.20211227405732E+0000  3.19525581869202E+0000  5.36947549701058E+0000  6.37380958354723E-0001  0.00000000000000E+0000 
 2.91000000000000E+0000  9.15547637445709E+0000  3.20326180383286E+0000  5.32842379354483E+0000  6.23790777079403E-0001  0.00000000000000E+0000 
 2.94000000000000E+0000  9.10923080911722E+0000  3.21072391963811E+0000  5.28786748027259E+0000  6.10639409206520E-0001  0.00000000000000E+0000 
 2.97000000000000E+0000  9.06339033732382E+0000  3.21768036639151E+0000  5.24780226136091E+0000  5.97907709571393E-0001  0.00000000000000E+0000 
 3.00000000000000E+0000  9.01796756652168E+0000  3.22416631641482E+0000  5.20822365584783E+0000  5.85577594259025E-0001  0.00000000000000E+0000 
