 Mach Number             (X)cp - Rocket          (X)cp - Nose/Body       (X)cp - Wing            (X)cp - Body-Wing       (X)cp - Wing-Tail      
 0.00000000000000E+0000  2.71017771068620E+0003  1.27122480658887E+0003  3.39663975760234E+0003  3.38377641838196E+0003  0.00000000000000E+0000 
 3.00000000000000E-0002  2.71859046608127E+0003  1.15595913026253E+0003  3.39663780721045E+0003  3.38377176513115E+0003  0.00000000000000E+0000 
 6.00000000000000E-0002  2.72985335822049E+0003  1.04750555084871E+0003  3.39663193826483E+0003  3.38375777324319E+0003  0.00000000000000E+0000 
 9.00000000000000E-0002  2.73860965226153E+0003  9.46099382478111E+0002  3.39662209706996E+0003  3.38373434573724E+0003  0.00000000000000E+0000 
 1.20000000000000E-0001  2.74773206992907E+0003  8.51951614932828E+0002  3.39660819283241E+0003  3.38370131904379E+0003  0.00000000000000E+0000 
 1.50000000000000E-0001  2.75731268183765E+0003  7.65234475616987E+0002  3.39659009565347E+0003  3.38365846002931E+0003  0.00000000000000E+0000 
 1.80000000000000E-0001  2.76791860833169E+0003  6.86065764514298E+0002  3.39656763360302E+0003  3.38360546167965E+0003  0.00000000000000E+0000 
 2.10000000000000E-0001  2.77927941689800E+0003  6.14493043770121E+0002  3.39654058874948E+0003  3.38354193727979E+0003  0.00000000000000E+0000 
 2.40000000000000E-0001  2.79108953472742E+0003  5.50479123303259E+0002  3.39650869197013E+0003  3.38346741286369E+0003  0.00000000000000E+0000 
 2.70000000000000E-0001  2.80304846423336E+0003  4.93890528502693E+0002  3.39647161630279E+0003  3.38338131762871E+0003  0.00000000000000E+0000 
 3.00000000000000E-0001  2.81488050667920E+0003  4.44490672014460E+0002  3.39642896851768E+0003  3.38328297190802E+0003  0.00000000000000E+0000 
 3.30000000000000E-0001  2.82634534049276E+0003  4.01939203785411E+0002  3.39638027848002E+0003  3.38317157216222E+0003  0.00000000000000E+0000 
 3.60000000000000E-0001  2.83724372749439E+0003  3.65798456003034E+0002  3.39632498572725E+0003  3.38304617227631E+0003  0.00000000000000E+0000 
 3.90000000000000E-0001  2.84742020500002E+0003  3.35547080097208E+0002  3.39626242248452E+0003  3.38290566021015E+0003  0.00000000000000E+0000 
 4.20000000000000E-0001  2.85676369270773E+0003  3.10600018194884E+0002  3.39619179206291E+0003  3.38274872872460E+0003  0.00000000000000E+0000 
 4.50000000000000E-0001  2.86520655401584E+0003  2.90333044588846E+0002  3.39611214118914E+0003  3.38257383844882E+0003  0.00000000000000E+0000 
 4.80000000000000E-0001  2.87272247629866E+0003  2.74109446447624E+0002  3.39602232424722E+0003  3.38237917090590E+0003  0.00000000000000E+0000 
 5.10000000000000E-0001  2.87928796713511E+0003  2.61602223080084E+0002  3.39592095657837E+0003  3.38216256817537E+0003  0.00000000000000E+0000 
 5.40000000000000E-0001  2.88448944683033E+0003  2.56169268316550E+0002  3.39580635274051E+0003  3.38192145448686E+0003  0.00000000000000E+0000 
 5.70000000000000E-0001  2.88827856672049E+0003  2.58708157997769E+0002  3.39567644372822E+0003  3.38165273295277E+0003  0.00000000000000E+0000 
 6.00000000000000E-0001  2.89080211815620E+0003  2.68923967304703E+0002  3.39552866418444E+0003  3.38135264742816E+0003  0.00000000000000E+0000 
 6.30000000000000E-0001  2.89235207996909E+0003  2.86517884695285E+0002  3.39535979586921E+0003  3.38101659438483E+0003  0.00000000000000E+0000 
 6.60000000000000E-0001  2.89325718451011E+0003  3.11217753296526E+0002  3.39516574576853E+0003  3.38063886135493E+0003  0.00000000000000E+0000 
 6.90000000000000E-0001  2.89377930008647E+0003  3.42803137752383E+0002  3.39494122373128E+0003  3.38021225441782E+0003  0.00000000000000E+0000 
 7.20000000000000E-0001  2.89420464969956E+0003  3.81123149347561E+0002  3.39467926047523E+0003  3.37972755243259E+0003  0.00000000000000E+0000 
 7.50000000000000E-0001  2.89483532614445E+0003  4.26106837282150E+0002  3.39437046190033E+0003  3.37917268005880E+0003  0.00000000000000E+0000 
 7.80000000000000E-0001  2.89598086053956E+0003  4.77767157237819E+0002  3.39400180698317E+0003  3.37853140262035E+0003  0.00000000000000E+0000 
 8.10000000000000E-0001  2.89794971330872E+0003  5.36200206737882E+0002  3.39355460918244E+0003  3.37778116030319E+0003  0.00000000000000E+0000 
 8.40000000000000E-0001  2.90104015295634E+0003  6.01581606375862E+0002  3.39300083062140E+0003  3.37688923825656E+0003  0.00000000000000E+0000 
 8.70000000000000E-0001  2.90552905095761E+0003  6.74161749879901E+0002  3.39229583510789E+0003  3.37580540542589E+0003  0.00000000000000E+0000 
 9.00000000000000E-0001  2.91165446560713E+0003  7.54261311378478E+0002  3.39136239736743E+0003  3.37444604657161E+0003  0.00000000000000E+0000 
 9.30000000000000E-0001  2.91957834992266E+0003  8.42268022913826E+0002  3.39004884134899E+0003  3.37265361570308E+0003  0.00000000000000E+0000 
 9.60000000000000E-0001  2.92926695799052E+0003  9.38635407692702E+0002  3.38798267923816E+0003  3.37005848174365E+0003  0.00000000000000E+0000 
 9.90000000000000E-0001  2.93967398320569E+0003  1.04388391738517E+0003  3.38354069117510E+0003  3.36513651037965E+0003  0.00000000000000E+0000 
 1.02000000000000E+0000  2.98642521772919E+0003  1.15271584203047E+0003  3.39891358349943E+0003  3.48080243819858E+0003  0.00000000000000E+0000 
 1.05000000000000E+0000  3.01355452568394E+0003  1.26580936038306E+0003  3.40797881805051E+0003  3.48092982132012E+0003  0.00000000000000E+0000 
 1.08000000000000E+0000  3.03447549382930E+0003  1.21878525493401E+0003  3.41351043874638E+0003  3.48100009272480E+0003  0.00000000000000E+0000 
 1.11000000000000E+0000  3.03131024070835E+0003  1.15882619655018E+0003  3.41753129340111E+0003  3.48104682598401E+0003  0.00000000000000E+0000 
 1.14000000000000E+0000  3.01959024909475E+0003  1.09291118801910E+0003  3.42068005429117E+0003  3.48108028128794E+0003  0.00000000000000E+0000 
 1.17000000000000E+0000  3.02163147611398E+0003  1.02431241784013E+0003  3.42325271570917E+0003  3.48110512639490E+0003  0.00000000000000E+0000 
 1.20000000000000E+0000  3.02823475324687E+0003  9.54904095119618E+0002  3.42541355615163E+0003  3.48112392236251E+0003  0.00000000000000E+0000 
 1.23000000000000E+0000  3.03642636113080E+0003  8.85907743993124E+0002  3.42726421448166E+0003  3.48113824215526E+0003  0.00000000000000E+0000 
 1.26000000000000E+0000  3.04267091759912E+0003  8.18197438791285E+0002  3.42887237269271E+0003  3.48114912814535E+0003  0.00000000000000E+0000 
 1.29000000000000E+0000  3.04763524929187E+0003  7.75628371113223E+0002  3.43028557204501E+0003  3.48115730994332E+0003  0.00000000000000E+0000 
 1.32000000000000E+0000  3.04157000016835E+0003  7.44020200720388E+0002  3.43153859178392E+0003  3.48116331971453E+0003  0.00000000000000E+0000 
 1.35000000000000E+0000  3.03097536958731E+0003  7.21528148189919E+0002  3.43265770323833E+0003  3.48116755823409E+0003  0.00000000000000E+0000 
 1.38000000000000E+0000  3.02101937857322E+0003  7.06428808317681E+0002  3.43366327218029E+0003  3.48117033511303E+0003  0.00000000000000E+0000 
 1.41000000000000E+0000  3.01278407734085E+0003  6.97295428102331E+0002  3.43457142799260E+0003  3.48117189452708E+0003  0.00000000000000E+0000 
 1.44000000000000E+0000  3.00522063260160E+0003  6.92920881537798E+0002  3.43539517665266E+0003  3.48117243234896E+0003  0.00000000000000E+0000 
 1.47000000000000E+0000  2.99165044685385E+0003  6.92264369113345E+0002  3.43614516732015E+0003  3.48117210794688E+0003  0.00000000000000E+0000 
 1.50000000000000E+0000  2.98336017452785E+0003  6.94837925900315E+0002  3.43683023507808E+0003  3.48117105254526E+0003  0.00000000000000E+0000 
 1.53000000000000E+0000  2.97420941654866E+0003  6.96822169311338E+0002  3.43745779440343E+0003  3.48116937529651E+0003  0.00000000000000E+0000 
 1.56000000000000E+0000  2.96425346252877E+0003  6.98777577964182E+0002  3.43803413036366E+0003  3.48116716778523E+0003  0.00000000000000E+0000 
 1.59000000000000E+0000  2.95344128229871E+0003  7.00706906115565E+0002  3.43856461806310E+0003  3.48116450743243E+0003  0.00000000000000E+0000 
 1.62000000000000E+0000  2.94200226746874E+0003  7.02612537733614E+0002  3.43905389069503E+0003  3.48116146011080E+0003  0.00000000000000E+0000 
 1.65000000000000E+0000  2.93049500262633E+0003  7.04496550446331E+0002  3.43950597009424E+0003  3.48115808218335E+0003  0.00000000000000E+0000 
 1.68000000000000E+0000  2.91893843796504E+0003  7.06360766127536E+0002  3.43992436947271E+0003  3.48115442211320E+0003  0.00000000000000E+0000 
 1.71000000000000E+0000  2.90735002519512E+0003  7.08206791364028E+0002  3.44031217521234E+0003  3.48115052174951E+0003  0.00000000000000E+0000 
 1.74000000000000E+0000  2.89574531752983E+0003  7.10036050158798E+0002  3.44067211267638E+0003  3.48114641736555E+0003  0.00000000000000E+0000 
 1.77000000000000E+0000  2.88413718070363E+0003  7.11849810605484E+0002  3.44100659967604E+0003  3.48114214050440E+0003  0.00000000000000E+0000 
 1.80000000000000E+0000  2.87253466536430E+0003  7.13649206830228E+0002  3.44131779029380E+0003  3.48113771867394E+0003  0.00000000000000E+0000 
 1.83000000000000E+0000  2.86073663965918E+0003  7.14486374029925E+0002  3.44160761109631E+0003  3.48113317592231E+0003  0.00000000000000E+0000 
 1.86000000000000E+0000  2.84603992114693E+0003  7.15672711228028E+0002  3.44187779128422E+0003  3.48112853331781E+0003  0.00000000000000E+0000 
 1.89000000000000E+0000  2.83427283061277E+0003  7.17162997065597E+0002  3.44212988796907E+0003  3.48112380935159E+0003  0.00000000000000E+0000 
 1.92000000000000E+0000  2.82216047835138E+0003  7.18942670355160E+0002  3.44236530750218E+0003  3.48111902027758E+0003  0.00000000000000E+0000 
 1.95000000000000E+0000  2.80959903635906E+0003  7.20997975312160E+0002  3.44258532358045E+0003  3.48111418040098E+0003  0.00000000000000E+0000 
 1.98000000000000E+0000  2.79637094590491E+0003  7.23315868103345E+0002  3.44279109270260E+0003  3.48110930232426E+0003  0.00000000000000E+0000 
 2.01000000000000E+0000  2.78188314625701E+0003  7.25883936590166E+0002  3.44298366743256E+0003  3.48110439715793E+0003  0.00000000000000E+0000 
 2.04000000000000E+0000  2.76067247681651E+0003  7.28690331083009E+0002  3.44316400783723E+0003  3.48109947470180E+0003  0.00000000000000E+0000 
 2.07000000000000E+0000  2.75092918941108E+0003  7.31723704334557E+0002  3.44333299139509E+0003  3.48109454360157E+0003  0.00000000000000E+0000 
 2.10000000000000E+0000  2.74126663826873E+0003  7.34973159325963E+0002  3.44349142161728E+0003  3.48108961148445E+0003  0.00000000000000E+0000 
 2.13000000000000E+0000  2.73169663677144E+0003  7.38428203658075E+0002  3.44364003557896E+0003  3.48108468507718E+0003  0.00000000000000E+0000 
 2.16000000000000E+0000  2.72223112101735E+0003  7.42078709566809E+0002  3.44377951052364E+0003  3.48107977030885E+0003  0.00000000000000E+0000 
 2.19000000000000E+0000  2.71288209827827E+0003  7.45914878748254E+0002  3.44391046967570E+0003  3.48107487240091E+0003  0.00000000000000E+0000 
 2.22000000000000E+0000  2.70366159462242E+0003  7.49927211313973E+0002  3.44403348737322E+0003  3.48106999594605E+0003  0.00000000000000E+0000 
 2.25000000000000E+0000  2.69458160482535E+0003  7.54106478306767E+0002  3.44414909361519E+0003  3.48106514497756E+0003  0.00000000000000E+0000 
 2.28000000000000E+0000  2.68565404644598E+0003  7.58443697297111E+0002  3.44425777810218E+0003  3.48106032303046E+0003  0.00000000000000E+0000 
 2.31000000000000E+0000  2.67689071912565E+0003  7.62930110654479E+0002  3.44435999383713E+0003  3.48105553319542E+0003  0.00000000000000E+0000 
 2.34000000000000E+0000  2.66721888843327E+0003  7.67557166148956E+0002  3.44445616034278E+0003  3.48105077816654E+0003  0.00000000000000E+0000 
 2.37000000000000E+0000  2.65925290396301E+0003  7.72316499589402E+0002  3.44454666654415E+0003  3.48104606028362E+0003  0.00000000000000E+0000 
 2.40000000000000E+0000  2.65149634493096E+0003  7.77199919246828E+0002  3.44463187335695E+0003  3.48104138156976E+0003  0.00000000000000E+0000 
 2.43000000000000E+0000  2.64394445716403E+0003  7.82199391847191E+0002  3.44471211601755E+0003  3.48103674376480E+0003  0.00000000000000E+0000 
 2.46000000000000E+0000  2.63659259521495E+0003  7.87307029947701E+0002  3.44478770618466E+0003  3.48103214835503E+0003  0.00000000000000E+0000 
 2.49000000000000E+0000  2.62943620119867E+0003  7.92515080536000E+0002  3.44485893383926E+0003  3.48102759659977E+0003  0.00000000000000E+0000 
 2.52000000000000E+0000  2.62247078632335E+0003  7.97815914712905E+0002  3.44492606900533E+0003  3.48102308955510E+0003  0.00000000000000E+0000 
 2.55000000000000E+0000  2.61569191486656E+0003  8.03202018337663E+0002  3.44498936331136E+0003  3.48101862809505E+0003  0.00000000000000E+0000 
 2.58000000000000E+0000  2.60909519035037E+0003  8.08665983530116E+0002  3.44504905140980E+0003  3.48101421293057E+0003  0.00000000000000E+0000 
 2.61000000000000E+0000  2.60267624368029E+0003  8.14200500937513E+0002  3.44510535226961E+0003  3.48100984462661E+0003  0.00000000000000E+0000 
 2.64000000000000E+0000  2.59643072302807E+0003  8.19798352685047E+0002  3.44515847035515E+0003  3.48100552361734E+0003  0.00000000000000E+0000 
 2.67000000000000E+0000  2.59035428525577E+0003  8.25452405939074E+0002  3.44520859670305E+0003  3.48100125021987E+0003  0.00000000000000E+0000 
 2.70000000000000E+0000  2.58444258869659E+0003  8.31155607020390E+0002  3.44525590990729E+0003  3.48099702464662E+0003  0.00000000000000E+0000 
 2.73000000000000E+0000  2.57869128712595E+0003  8.36900976012309E+0002  3.44530057702163E+0003  3.48099284701635E+0003  0.00000000000000E+0000 
 2.76000000000000E+0000  2.57309602477306E+0003  8.42681601814664E+0002  3.44534275438742E+0003  3.48098871736421E+0003  0.00000000000000E+0000 
 2.79000000000000E+0000  2.56765243223973E+0003  8.48490637600361E+0002  3.44538258839384E+0003  3.48098463565066E+0003  0.00000000000000E+0000 
 2.82000000000000E+0000  2.56235604962247E+0003  8.54319457853766E+0002  3.44542021617704E+0003  3.48098060176964E+0003  0.00000000000000E+0000 
 2.85000000000000E+0000  2.55719722902548E+0003  8.60072040956127E+0002  3.44545576626372E+0003  3.48097661555585E+0003  0.00000000000000E+0000 
 2.88000000000000E+0000  2.55216357672463E+0003  8.65695750748535E+0002  3.44548935916435E+0003  3.48097267679136E+0003  0.00000000000000E+0000 
 2.91000000000000E+0000  2.54724484077461E+0003  8.71189198525769E+0002  3.44552110792041E+0003  3.48096878521155E+0003  0.00000000000000E+0000 
 2.94000000000000E+0000  2.54243172333614E+0003  8.76551633923193E+0002  3.44555111860980E+0003  3.48096494051051E+0003  0.00000000000000E+0000 
 2.97000000000000E+0000  2.53771578485194E+0003  8.81782853765394E+0002  3.44557949081401E+0003  3.48096114234587E+0003  0.00000000000000E+0000 
 3.00000000000000E+0000  2.53308935869647E+0003  8.86883122779155E+0002  3.44560631805048E+0003  3.48095739034323E+0003  0.00000000000000E+0000 
